[header]
width=55
height=10
tilewidth=70
tileheight=70
orientation=orthogonal

[tilesets]
tileset=tiles_spritesheet.png,70,70,0,0
tileset=../../../CS3113/assets/graphics/Platformer assets (1330 assets)/Base pack (360 assets)/Player/p1_stand.png,66,92,0,0

[layer]
type=NonsolidTiles
data=
0,0,0,0,0,0,0,0,0,0,0,0,0,0,0,0,0,0,0,0,0,0,0,0,0,0,0,0,0,0,0,0,0,0,0,0,0,0,0,0,0,0,0,0,0,0,0,0,0,0,0,0,0,0,0,
0,0,0,0,0,0,0,0,0,0,0,0,0,0,0,0,0,0,0,0,0,0,0,0,0,0,0,0,0,0,0,0,0,0,0,0,0,0,0,0,0,0,0,0,0,0,0,0,0,0,0,0,0,0,0,
0,0,0,0,0,0,0,0,0,0,0,0,0,0,0,0,0,0,0,0,0,0,0,0,0,0,0,0,0,0,0,0,0,0,0,0,0,0,0,0,0,0,0,0,0,0,0,0,0,0,0,0,0,0,0,
0,0,0,0,0,0,0,0,0,0,0,0,0,0,0,0,0,0,0,0,0,0,0,0,0,0,0,0,0,0,0,0,0,0,0,0,0,0,0,0,0,0,0,0,0,0,0,0,0,0,0,0,0,0,0,
0,0,0,0,0,0,0,0,0,70,0,0,0,0,0,0,0,0,0,0,0,0,0,0,0,0,0,0,0,0,0,0,0,0,0,0,0,0,0,0,0,0,0,0,0,0,0,0,0,0,0,0,0,0,0,
0,0,0,0,0,0,41,0,0,82,0,0,103,103,103,103,103,103,103,103,103,103,0,0,0,0,0,0,0,0,0,0,0,0,0,0,0,0,0,0,0,0,0,0,0,0,0,0,0,0,0,0,0,0,0,
0,0,0,0,0,0,0,0,0,0,0,0,44,44,44,44,44,44,44,44,44,44,0,0,0,0,0,0,0,0,0,0,0,0,0,0,0,0,0,0,0,0,0,0,0,0,0,0,0,0,0,0,0,0,0,
0,0,0,0,0,0,0,0,0,0,0,0,44,44,44,44,44,44,44,44,44,44,0,139,139,139,139,139,139,139,139,139,0,139,139,139,0,0,0,0,0,0,0,0,0,0,0,0,0,0,0,0,0,0,0,
0,0,0,0,0,0,0,0,0,0,0,0,44,44,44,44,44,44,44,44,44,44,0,8,8,8,8,8,8,8,8,8,0,8,8,8,0,0,0,0,0,0,0,0,0,0,0,0,0,0,0,0,0,0,0,
0,0,0,0,0,0,0,0,0,0,0,0,44,44,44,44,44,44,44,44,44,44,0,0,0,0,0,0,0,0,0,0,0,0,0,0,0,0,0,0,0,0,0,0,0,0,0,0,0,0,0,0,0,0,0

[layer]
type=SolidTiles
data=
153,153,153,153,153,153,0,0,0,0,0,0,0,0,0,0,0,0,0,0,0,0,0,0,0,0,0,0,0,0,0,0,0,0,0,0,0,0,0,0,0,0,0,0,0,0,0,0,0,0,0,0,0,0,99,
153,153,153,153,153,153,0,0,0,0,0,0,0,0,0,0,0,0,0,0,0,0,0,0,0,0,0,0,0,0,0,0,0,0,0,0,0,0,0,0,0,0,0,0,0,0,0,0,0,0,0,0,0,0,99,
153,153,153,153,153,153,0,0,0,0,0,0,0,0,0,0,116,104,104,104,104,92,0,0,0,0,0,0,0,0,0,0,0,0,0,0,0,0,0,0,0,0,0,0,0,0,0,0,0,0,0,0,0,0,99,
153,153,153,153,153,153,0,0,0,0,0,133,0,0,0,0,0,0,0,0,0,0,135,135,135,135,135,135,135,135,0,0,135,135,136,0,0,0,0,0,0,0,0,0,0,0,0,0,0,0,0,0,0,0,99,
153,153,153,153,153,153,0,0,0,0,0,133,0,0,0,133,0,0,0,0,0,0,99,99,99,99,99,99,99,99,0,0,99,0,0,0,0,0,0,0,0,0,0,0,0,0,0,0,0,0,0,0,0,0,99,
153,153,153,153,153,153,0,133,0,0,133,104,0,0,0,0,0,0,0,0,0,0,99,99,99,99,99,99,99,99,0,0,99,0,0,0,0,0,0,0,0,0,0,0,0,0,0,0,0,0,0,0,0,0,99,
153,153,153,153,153,153,104,104,104,104,104,153,0,133,0,0,0,0,0,0,0,0,99,0,0,0,0,0,0,0,0,0,99,0,0,0,74,74,74,74,74,74,74,74,74,74,74,74,74,74,74,74,74,74,99,
153,153,153,153,153,153,153,153,153,153,153,153,0,0,0,0,0,0,0,0,0,0,99,0,0,0,0,0,0,0,0,0,99,0,0,0,99,99,99,99,99,99,99,99,99,99,99,99,99,99,99,99,99,99,99,
153,153,153,153,153,153,153,153,153,153,153,153,0,0,0,0,0,0,0,0,0,0,99,0,0,0,0,0,0,0,0,0,99,0,0,0,99,99,99,99,99,99,99,99,99,99,99,99,99,99,99,99,99,99,99,
153,153,153,153,153,153,153,153,153,153,153,153,101,101,101,101,101,101,101,101,101,101,99,99,99,99,99,99,99,99,99,99,99,99,99,99,99,99,99,99,99,99,99,99,99,99,99,99,99,99,99,99,99,99,99

[Object Layer 1]
# Player1
type=Player1
location=8,4,0,1

